TARGET=14159923466.61
RATE=14099742532.194000|DIFF=60180934.416000
SALDO=14211832355.625700|DIFF=-51908889.015700
NEW_SALDO=14261816593.802000|DIFF=-101893127.192000
PK_NO_SAF=81217320.375900
NEW_SALDO_MINUS_PK=14180599273.426100|DIFF=-20675806.816100
