ROWS=81
SA=14159364484.194000
MUTASI=1444491791.760000
ADJ=-1398500.000000
BAYAR=4545243402.42
SISA=11057214373.534000
