A_FULL_CUM_PRE2026=113540178035.194500
B_CUM_FROM_2025=6506110034.449300
C_CUM_PRE2025=107034068000.745200
D_SAF_RATE_JAN26=43970726997.855800
E_SAF_NEWSAL_JAN26=44175762824.880900
F_SAF_SALDO_JAN26=44108929485.264400
G_SAF_RATE_GLFILT=14099742532.194000
H_SAF_NEW_GLFILT=14261816593.802000
I_LEDGER_END_DEC=113540178035.194500
J_226001_LIKE=113540178035.194500
