101BTB230900023|4SL.M020|IDR|0.500000|0.500000|0.000000|-0.500000|-0.500000
TOTAL_DIFF_RATE=-0.500000
TOTAL_DIFF_NEW=-0.500000
